020510600000000000
100510600002110100
310530600002020020
310530600002030003
400514600002004000
560510500002010500
600510660002020060
700510607002030007
800510600802008000
900510600092010900
900510600092020001
900510600092030011
900510600092002001
900510600092022064
800510600800000000
310530600000100000
700510607000100000
120510600000100000
600510660000200000
310530600000300000
140510600000100000
600510660000400000
800510600800400000
000510600000500000
560510500000500000
600510660000500000
000510600000600000
600510660000600000
800510600800600000
900510600090600000
170510600000100000
180510600000100000
310530600000800000
400514600000800000
700510607000800000
800510600800800000
560510500001000000